14072109 17220
14074054 17232
14074055 17232
14074056 17232
14074057 17232
14074097 17232
14074109 17232
14074110 17232
14074116 17232
14074117 17232
14075004 17236
14075005 17236
14075007 17236
14075023 17236
14075024 17236
14075025 17236
14075026 17236
14075029 17236
14075030 17236
14075043 17236
14075044 17236
14075080 17237
14075081 17237
14075082 17237
14075084 17237
14075085 17237
14075086 17237
14075087 17237
14075088 17237
14075089 17237
14075090 17237
14076005 17238
14076006 17238
14076009 17238
14076010 17238
14076011 17238
14076012 17238
14076013 17238
14076014 17238
14076015 17238
14076016 17238
14076017 17238
14076018 17238
14076019 17238
14076028 17239
14076030 17239
14076031 17239
14076032 17239
14076033 17239
14076042 17239
14076043 17239
14076044 17239
14076047 17239
14076048 17239
14076049 17239
14076050 17239
14076051 17239
14076052 17239
14076053 17239
14076055 17239
14076060 17239
14076067 17240
14076068 17240
14076069 17240
14076070 17240
14076071 17240
14076072 17240
14076073 17240
14076075 17240
14076076 17240
14076077 17240
14076078 17240
14076079 17240
14076080 17240
14076081 17240
14076082 17240
14076083 17240
14076084 17240
14076085 17240
14076086 17240
14076087 17240
14076088 17240
14077001 17240
14077004 17241
14077005 17241
14077006 17241
14077007 17241
14077008 17241
14077009 17241
14077010 17241
14077011 17241
14077012 17241
14077013 17241
14077014 17241
14077015 17241
14077016 17241
14077017 17241
14077018 17241
14077019 17241
14077020 17241
14077021 17241
14077038 17244
14077039 17244
14077042 17244
14077043 17244
14077044 17244
14077045 17244
14077046 17244
14077047 17244
14077048 17244
14077049 17244
14077050 17244
14077051 17244
14077052 17244
14077053 17244
14077054 17244
14077055 17244
14077056 17244
14077057 17244
14077058 17244
14077059 17244
14077060 17244
14078002 17247
14078003 17247
14078004 17247
14078005 17247
14078006 17247
14078007 17247
14078008 17247
14078009 17247
14078010 17247
14078011 17247
14078012 17247
14078013 17247
14078014 17247
14078015 17247
14078016 17247
14078017 17247
14078018 17247
14078019 17247
14078020 17247
14078021 17247
14078022 17247
14078023 17247
14078037 17248
14078038 17248
14078039 17248
14078040 17248
14078041 17248
14078042 17248
14078044 17248
14078045 17248
14078046 17248
14078048 17248
14078049 17248
14078050 17248
14078051 17248
14078052 17248
14078053 17248
14078054 17248
14078055 17248
14079001 17250
14079002 17250
14079003 17250
14079004 17250
14079005 17250
14079006 17250
14079007 17250
14079008 17250
14079009 17250
14079010 17250
14079011 17250
14079012 17250
14079013 17250
14079014 17250
14079015 17250
14079016 17250
14079045 17250
14079046 17250
14079047 17250
14079048 17250
14079060 17250
14079061 17250
14079063 17250
14079064 17250
14079066 17250
14079091 17250
14080009 17253
14080017 17253
14080018 17253
14080019 17253
14080020 17253
14080021 17253
14080022 17253
14080023 17253
14080024 17253
14080026 17253
14080027 17253
14080028 17253
14080029 17253
14080030 17253
14080031 17253
14080036 17253
14080037 17253
14080038 17253
14080044 17253
14080045 17253
14081003 17256
14081004 17256
14081005 17256
14081006 17256
14081007 17256
14081008 17256
14081009 17256
14081010 17256
14081011 17256
14081012 17256
14081013 17256
14081014 17256
14081060 17258
14081066 17260
14081068 17260
14081071 17260
14081072 17260
14081111 17261
14081112 17261
14081113 17261
14081114 17261
14081115 17261
14081119 17261
14081120 17261
14082022 17263
14082024 17263
14082025 17263
14082026 17263
14082027 17263
14082029 17263
14082030 17263
14082031 17263
14082032 17263
14082033 17263
14082034 17263
14082035 17263
14082036 17263
14082037 17263
14082038 17263
14082039 17263
14082040 17263
14082041 17263
14082042 17263
14082043 17263
14082044 17263
14082045 17263
14082046 17263
14082047 17263
14083003 17268
14083004 17268
14083005 17268
14083006 17268
14083007 17268
14083008 17268
14083009 17268
14083010 17268
14083011 17268
14083012 17268
14083013 17268
14083014 17268
14083015 17268
14083019 17268
14083020 17268
14083021 17268
14083022 17268
14083033 17269
14083034 17269
14083036 17269
14083038 17269
14083039 17269
14083040 17269
14083041 17269
14083042 17269
14083043 17269
14083044 17269
14083045 17269
14083046 17269
14083047 17269
14083049 17269
14083050 17269
14083051 17269
14083052 17269
14083053 17269
14083054 17269
14083055 17269
14083056 17269
14083057 17269
14084005 17273
14084006 17273
14084007 17273
14084008 17273
14084009 17273
14084010 17273
14084012 17273
14084013 17273
14084014 17273
14084015 17273
14084016 17273
14084018 17273
14084019 17273
14084020 17273
14084021 17273
14084028 17273
14084029 17273
14084035 17273
14084037 17273
14084038 17273
14084042 17273
95 9.37600994
14084049 17275
14084057 17276
14084058 17276
14084059 17276
14084061 17276
14084062 17276
14084063 17276
14084070 17276
14084071 17276
14084073 17276
14084074 17276
14084075 17277
14084076 17277
14084077 17277
14084078 17277
14084079 17277
14084080 17277
14084081 17277
14084082 17277
14084083 17277
14084084 17277
14084085 17277
14084086 17277
14084087 17277
14084088 17277
14084089 17277
14084090 17277
14084091 17277
14084092 17277
14084093 17277
14084094 17277
14084095 17277
14084096 17277
14085005 17281
14085006 17281
14085007 17281
14085008 17281
14085009 17281
14085010 17281
14085011 17281
14085012 17281
14085013 17281
14085014 17281
14085015 17281
14085016 17281
14085017 17281
14085018 17281
14085019 17281
14085020 17281
14085021 17281
14085022 17281
14085023 17281
14085024 17281
14085025 17281
14085027 17281
14085029 17281
14085031 17281
14085032 17281
14085033 17281
14085034 17281
14085035 17281
14085045 17282
14085050 17282
14085060 17284
14085063 17284
14085064 17284
14085065 17284
14085066 17284
14085067 17284
14085068 17284
14085069 17284
14086001 17284
14086003 17284
14086004 17284
14086005 17284
14086006 17284
14086007 17284
14086008 17284
14086009 17284
14086010 17284
14086013 17284
14086015 17284
14086016 17284
14086017 17284
14086018 17284
14086019 17284
14086020 17284
14086021 17284
14086022 17284
14087004 17293
14087005 17293
14087014 17293
14087015 17293
14087016 17293
14087017 17293
14087018 17293
14087019 17293
14087020 17293
14087021 17293
14087022 17293
14087023 17293
14087024 17293
14087025 17293
14087026 17293
14087027 17293
14087028 17293
14087029 17293
14087030 17293
14087031 17293
14087032 17293
14087033 17293
14087034 17293
14087035 17293
14087036 17293
14087037 17293
14087049 17294
14087071 17295
14087072 17295
14087078 17295
14087080 17295
14087081 17295
14087082 17295
14088002 17297
14088003 17297
14088004 17297
14088005 17297
14088006 17297
14088007 17297
14088008 17297
14088009 17297
14088010 17297
14088011 17297
14088012 17297
14088013 17297
14088014 17297
14088015 17297
14088016 17297
14088017 17297
14088018 17297
14088019 17297
14088020 17297
14088021 17297
14088022 17297
14088023 17297
14088024 17297
14088025 17297
14088026 17297
14088027 17297
14088028 17297
14088029 17297
14088030 17297
14088031 17297
14088032 17297
14088033 17297
14088034 17297
14088036 17297
14088037 17297
14088059 17299
14088060 17299
14088061 17299
14088062 17299
14088063 17299
14088064 17299
14088065 17299
14088066 17299
14088067 17299
14088068 17299
14088069 17299
14088070 17299
14088071 17299
14088072 17299
14088073 17299
14088074 17299
14088075 17299
14088076 17299
14088077 17299
14088078 17299
14088079 17299
14088080 17299
14088081 17299
14088082 17299
14088083 17299
14088084 17299
14088085 17299
14088086 17299
14088087 17299
14088088 17299
14088089 17299
14088090 17299
14088091 17299
14088092 17299
14088093 17299
14088094 17299
14088095 17299
14088096 17299
14088097 17299
14088098 17299
14088102 17301
14088103 17301
14088104 17301
14088105 17301
14088108 17301
14088109 17301
14088110 17301
14088111 17301
14088112 17301
14088113 17301
14088114 17301
14088115 17301
14088116 17301
14088117 17301
14088118 17301
14088119 17301
14088120 17301
14088121 17301
14088135 17302
14088136 17302
14088137 17302
14088138 17302
14088139 17302
14088140 17302
14088141 17302
14088142 17302
14089001 17302
14089002 17302
14089003 17302
14089004 17302
14089005 17302
14089006 17302
14089007 17302
14089008 17302
14089009 17302
14089010 17302
14089011 17302
14089012 17302
14089013 17302
14089014 17302
14089015 17302
14089019 17304
14089020 17304
14089021 17304
14089022 17304
14089023 17304
14089025 17304
14089026 17304
14089027 17304
14089028 17304
14089029 17304
14089030 17304
14089031 17304
14089032 17304
14089033 17304
14089034 17304
14089035 17304
14089036 17304
14089037 17304
14089038 17304
14089039 17304
14089040 17304
14089041 17304
14089042 17304
14089043 17304
14089044 17304
14089059 17305
14089063 17305
14089064 17305
14089073 17306
14089074 17306
14090001 17306
14090003 17306
14090004 17306
14090005 17306
14090006 17306
14090007 17306
14090008 17306
14090009 17306
14090010 17306
14090011 17306
14090012 17306
14090013 17306
14090014 17306
14090015 17306
14090016 17306
14090017 17306
14090018 17306
14090030 17308
14090031 17308
14090032 17308
14090033 17308
14090034 17308
14090035 17308
14090036 17308
14090037 17308
14090038 17308
14090039 17308
14090040 17308
14090041 17308
14090042 17308
14090043 17308
14090044 17308
14090045 17308
14090046 17308
14090047 17308
14090049 17308
14090050 17308
14090051 17308
14090052 17308
14090053 17308
14091001 17311
14091002 17311
14091003 17311
14091004 17311
14091005 17311
14091006 17311
14091007 17311
14091008 17311
14091009 17311
14091010 17311
14091011 17311
14091012 17311
14091013 17311
14091016 17312
14091017 17312
14091018 17312
14091019 17312
14091020 17312
14091021 17312
14091022 17312
14091023 17312
14091024 17312
14091025 17312
14091026 17312
14091027 17312
14091028 17312
14091029 17312
14091030 17312
14091032 17312
14091033 17312
14091034 17312
14091035 17312
14091036 17312
14091037 17312
14091038 17312
14091039 17312
14091040 17312
14091044 17312
14091045 17313
14091062 17315
14091063 17315
14091064 17315
14091065 17315
14092001 17315
14092002 17315
14092003 17315
14092004 17315
14092005 17315
14092006 17315
14092007 17315
14092008 17315
14092009 17315
14092010 17315
14092011 17315
14092012 17315
14092013 17315
14092014 17315
14092015 17315
14092016 17315
14092017 17315
14092018 17315
14092019 17315
14092020 17315
14092021 17315
14092022 17315
14092023 17315
14092024 17315
14092025 17315
14092026 17315
14092027 17315
14092028 17315
14092029 17315
14092030 17315
14092032 17316
14092033 17316
14092034 17316
14092035 17316
14092036 17316
14092037 17316
14092038 17316
14092040 17316
14092041 17316
14092057 17317
14092058 17317
14092059 17317
14092060 17317
14092061 17317
14092062 17317
14092063 17317
14092064 17317
14092065 17317
14092066 17317
14092067 17317
14092068 17317
14092070 17317
14092071 17317
14092076 17317
14092078 17317
14092080 17317
14092081 17317
14092082 17317
14092087 17318
14092088 17318
14092089 17318
14092090 17318
14092091 17318
14092092 17318
14092093 17318
14092094 17318
14092095 17318
14092096 17318
14092097 17318
14092098 17318
14092099 17318
14092100 17318
14092101 17318
14092102 17318
14092103 17318
14092104 17318
14092105 17318
14092106 17318
14092107 17318
14092108 17318
14092109 17318
14092110 17318
14093001 17318
14093002 17318
14093005 17318
14093006 17318
14093007 17318
14093008 17318
14093009 17318
14093010 17318
14093011 17318
14093012 17318
14093013 17318
14093014 17318
14093015 17318
14093016 17318
14093017 17318
14093018 17318
14093019 17318
14093020 17318
14093021 17318
14093025 17318
14093026 17318
14093039 17318
14093040 17318
14093041 17318
14093042 17318
14093043 17318
14093044 17318
14093045 17318
14093073 17318
14093074 17318
14093075 17318
14093076 17318
14093077 17318
14093078 17318
14093079 17318
14093080 17318
14093081 17318
14093082 17318
14093083 17318
14093084 17318
14093085 17318
14093086 17318
14093087 17318
14093088 17318
14093089 17318
14093090 17318
14093091 17318
14093092 17318
14093093 17318
14093094 17318
14093095 17318
14093096 17318
14093097 17318
14093099 17318
14094004 17322
14094005 17322
14094006 17322
14094007 17322
14094008 17322
14094010 17322
14094011 17322
14094012 17322
14094013 17322
14094014 17322
14094015 17322
14094016 17322
14094017 17322
14094019 17322
14094020 17322
14094021 17322
14094022 17322
14094023 17322
14094024 17322
14094025 17322
14094042 17322
14094043 17322
14094044 17322
14094045 17322
14094046 17322
14094047 17322
14094048 17322
14094049 17322
14094050 17322
14094051 17322
14095005 17328
14095006 17328
14095007 17328
14095008 17328
14095009 17328
14095010 17328
14095011 17328
14095012 17328
14095013 17328
14095014 17328
14095015 17328
14095016 17328
14095019 17329
14095020 17329
14095022 17329
14095023 17329
14095024 17329
14095025 17329
14095027 17329
14095028 17329
14095029 17329
14095030 17329
14095034 17329
14095035 17329
14095036 17329
14095037 17329
14095038 17329
14095039 17329
14095040 17329
14095041 17329
14095042 17329
14095043 17329
14095044 17329
14095045 17329
14095060 17329
14095066 17329
14095068 17329
14095069 17329
14096004 17331
14096005 17331
14096007 17331
14096008 17331
14096009 17331
14096010 17331
14096011 17331
14096012 17331
14096013 17331
14096014 17331
14096015 17331
14096022 17331
14096023 17331
14096024 17331
14096025 17331
14096026 17331
14096027 17331
14096028 17331
14096029 17331
14096030 17332
14096031 17332
14096032 17332
14096033 17332
14096034 17332
14096035 17332
14096037 17332
14096038 17332
14096039 17332
14096040 17332
14096047 17332
14096049 17333
14096052 17333
14096053 17333
14096054 17333
14096055 17333
14096056 17333
14096057 17333
14096058 17333
14096060 17333
14096061 17333
14096062 17333
14096063 17333
14096065 17333
14096066 17333
14096067 17333
14096068 17333
14096069 17333
14096070 17333
14096071 17333
14096072 17333
14096073 17333
14096074 17333
14096075 17333
14096077 17333
14096078 17333
14096079 17333
14096080 17333
14096082 17333
14096083 17333
14096084 17333
14096085 17333
14096090 17333
14096091 17333
14096092 17333
14096096 17333
14096097 17333
14096098 17333
14096099 17333
14096100 17333
14096101 17333
14096102 17333
14096104 17333
14096105 17333
14096106 17333
14096107 17333
14096108 17333
14097005 17335
14097006 17335
14097007 17335
14097014 17338
14097015 17338
14097016 17338
14097017 17338
14097018 17338
14097019 17338
14097020 17338
14097021 17338
14097022 17338
14097023 17338
14097025 17338
14097026 17338
14097028 17338
14097029 17338
14097030 17338
14097031 17338
14097032 17338
14097033 17338
14097036 17338
14097037 17338
14097038 17338
14097039 17338
14097040 17338
14097041 17338
14097061 17340
14097062 17340
14097063 17340
14097064 17340
14097065 17340
14097066 17340
14097067 17340
14097068 17340
14097070 17340
14098001 17340
14098002 17340
14098003 17340
14098004 17340
14098005 17340
14098006 17340
14098007 17340
14098009 17340
14098010 17340
14098011 17340
14098012 17340
14098013 17340
14098014 17340
14098015 17340
14098016 17340
14098017 17340
14098026 17341
14098027 17341
14098028 17341
14098029 17341
14098031 17341
14098032 17341
14098033 17341
14098039 17341
14098040 17341
14098041 17341
14098042 17341
14098043 17341
14098044 17341
14098045 17341
14098046 17341
14098047 17341
14098048 17341
14098049 17341
14098050 17341
14098051 17341
14098052 17341
14098053 17341
14098054 17341
14098055 17341
14098060 17343
14098061 17343
14098063 17344
14098064 17344
14098066 17344
14098067 17344
14098068 17344
14098069 17344
14098070 17344
14098071 17344
14098074 17344
14099007 17345
14099008 17345
14099009 17345
14099010 17345
14099012 17345
14099013 17345
14099014 17345
14099015 17345
14099016 17345
14099017 17345
14099018 17345
14099019 17345
14099020 17345
14099021 17345
14099022 17345
14099023 17345
14099024 17345
14099025 17345
14099026 17345
14099027 17345
14099028 17345
14099029 17345
14099030 17345
14099031 17345
14099032 17345
14099033 17345
14099045 17346
14099046 17346
14099047 17346
14099048 17346
14099049 17346
14099050 17346
14099089 17347
14099090 17347
14099131 17350
14100003 17352
14100004 17352
14100005 17352
14100006 17352
14100007 17352
14100008 17352
14100009 17352
14100010 17352
14100011 17352
14100012 17352
14100014 17352
14100015 17352
14100016 17352
14100017 17352
14100018 17352
14100019 17352
14100020 17352
14100021 17352
14100022 17352
14100023 17352
14100024 17352
14100025 17352
14100026 17352
14100027 17352
14100030 17352
14100031 17352
14100032 17352
14100033 17352
14100034 17352
14100036 17352
14100037 17352
14100038 17352
14100040 17353
14101035 17359
14101036 17359
14101037 17359
14101038 17359
14101039 17359
14101040 17359
14101041 17359
14101042 17359
14101043 17359
14101044 17359
14101045 17359
14101046 17359
14101047 17359
14101048 17359
14101049 17359
14101050 17359
14101051 17359
14101052 17359
14101053 17359
14101054 17359
14101055 17359
14101056 17359
14101057 17359
14101058 17359
14101059 17359
14101060 17359
14101061 17359
14101062 17359
14101063 17359
14101064 17359
14101065 17359
14101066 17359
14101067 17359
14101068 17359
14101073 17359
14101074 17359
14101076 17359
14102023 17367
14102024 17367
14102025 17367
14102026 17367
14102027 17367
14102028 17367
14102029 17367
14102030 17367
14102031 17367
14102032 17367
14102034 17367
14102035 17367
14102036 17367
14102037 17367
14102038 17367
14102039 17367
14102040 17367
14102041 17367
14102042 17367
14102043 17367
14102044 17367
14102045 17368
14102047 17368
14102048 17368
14102049 17368
14103007 17370
14103008 17370
14103009 17370
14103011 17370
14103012 17370
14103013 17370
14103014 17370
14103015 17370
14103016 17370
14103017 17370
14103018 17370
14103019 17370
14103020 17370
14103021 17370
14103022 17370
14103023 17370
14103024 17370
14103025 17370
14103039 17373
14103040 17373
14103041 17375
14103043 17376
14103045 17376
14104001 17376
14104002 17377
14104007 17379
14104008 17379
14104009 17379
14104010 17379
14104011 17379
14104012 17379
14104013 17379
14104014 17379
14104015 17379
14104016 17379
14104017 17379
14104018 17379
14104019 17379
14104020 17379
14104021 17379
14104024 17379
14104025 17379
14104026 17379
14104027 17379
14104037 17380
14104039 17380
14104040 17380
14104041 17380
14104042 17380
14104043 17380
14104044 17380
14104045 17380
14104046 17380
14104047 17380
14104048 17380
14104049 17380
14104050 17380
14104051 17380
14104052 17380
14104053 17380
14104054 17380
14104055 17380
14104057 17382
14104059 17382
14104060 17382
14104061 17382
14104062 17382
14104063 17382
14105001 17382
14105002 17382
14105003 17382
14105004 17382
14105005 17382
14105006 17382
14105007 17382
14105008 17382
14105009 17382
14105010 17382
14105011 17382
14105012 17382
14105013 17382
14105014 17382
14105015 17382
14105016 17382
14105018 17384
14105019 17384
14105020 17384
14105021 17384
14105022 17384
14105023 17384
14105024 17384
14105025 17384
14105026 17384
14105029 17384
14105030 17384
14105031 17384
14105032 17384
14105033 17384
14105034 17384
14105035 17384
14105036 17384
14105037 17384
14105038 17384
14105039 17384
14105040 17389
14105042 17389
14105043 17389
14106001 17389
14106002 17389
14106003 17389
14106004 17389
14106005 17389
14106006 17389
14106007 17389
14106008 17389
14106013 17391
14106014 17391
14106015 17391
14106016 17391
14106017 17391
14106020 17391
14106021 17391
14106022 17391
14106023 17391
14106024 17391
14106025 17391
14106026 17391
14106027 17391
14106028 17391
14106029 17391
14106030 17391
14106031 17391
14106032 17391
14106033 17391
14106034 17391
14106035 17391
14106036 17391
14106037 17391
14106038 17391
14106039 17391
14106040 17391
14106041 17391
14106042 17391
14106043 17391
14106053 17392
14107015 17394
14107016 17394
14107017 17394
14107018 17394
14107019 17394
14107020 17394
14107021 17394
14107022 17394
14107023 17394
14107024 17394
14107026 17394
14107027 17394
14107028 17394
14107029 17394
14107030 17394
14107031 17394
14107032 17394
14107033 17394
14107034 17394
14107035 17394
14107037 17394
14107039 17394
14107040 17394
14107049 17394
14107050 17394
14107051 17394
14107052 17394
14107053 17394
14107054 17394
14107055 17394
14107061 17394
14107062 17394
14107063 17394
14107076 17394
14107077 17394
14107079 17394
14107082 17394
14107083 17394
14107084 17394
14107086 17394
14107087 17394
14107088 17394
14107089 17394
14107113 17394
14107114 17394
14107118 17394
14107122 17394
14107132 17396
14107133 17396
14107134 17396
14107135 17396
14107136 17396
14107137 17396
14107138 17396
14107139 17396
14107140 17396
14107141 17396
14107142 17396
14107144 17396
14108001 17396
14108002 17396
14108003 17396
14108004 17396
14108005 17396
14108006 17396
14108007 17396
14108008 17396
14108011 17396
14108013 17396
14108014 17396
14108015 17396
14108016 17396
14108017 17396
14108018 17396
14108019 17396
14108020 17396
14108021 17396
14108022 17396
14108023 17396
14108024 17396
14108025 17396
14108047 17399
14108051 17399
14108059 17399
14108073 17399
14108075 17399
14108076 17399
14108077 17399
14108078 17399
14108079 17399
14108080 17399
14108081 17399
14108082 17399
14108083 17399
14108084 17399
14108085 17399
14108086 17399
14108087 17399
14108088 17399
14108089 17399
14108090 17399
14108091 17399
14108092 17399
14108093 17399
14108095 17399
14108096 17399
14108097 17399
14108098 17399
14109012 17402
14109013 17402
14109014 17402
14109015 17402
14109016 17402
14109017 17402
14109018 17402
14109019 17402
14109020 17402
14109021 17402
14109022 17402
14109023 17402
14109024 17402
14109025 17402
14109026 17402
14109027 17402
14109028 17402
14109029 17402
14109030 17402
14109045 17403
14109046 17403
14109047 17403
14109048 17403
14109049 17403
14109050 17403
14109052 17403
14109053 17403
14109054 17403
14109055 17403
14109056 17403
14109057 17403
14109058 17403
14109059 17403
14109071 17403
14109073 17403
14109074 17403
14109075 17403
14109079 17405
14109080 17405
14109081 17405
14109082 17405
14110003 17406
14110004 17406
14110005 17406
14110006 17406
14110007 17406
14110009 17406
14110012 17406
14110013 17406
14110014 17406
14110017 17406
14110018 17406
14110019 17406
14110020 17406
14110021 17406
14110022 17406
14110023 17406
14110024 17406
14110025 17406
14110026 17406
14110027 17406
14110028 17406
14110040 17407
14110041 17407
14110042 17407
14110043 17407
14110044 17407
14110045 17407
14110046 17407
14110047 17407
14110048 17407
14110049 17407
14110050 17407
14110051 17407
14110052 17407
14110053 17407
14110054 17407
14110055 17407
14110056 17407
14110057 17407
14110058 17407
14110059 17407
14110060 17407
14110061 17407
14110062 17407
14110063 17407
14110064 17407
14110065 17407
14110066 17407
14110069 17408
14110070 17408
14110071 17408
14110072 17408
14110073 17408
14110074 17408
14111001 17408
14111002 17408
14111003 17408
14111004 17408
14111005 17408
14111006 17408
14111007 17408
14111009 17408
14111010 17408
14111011 17408
14111012 17408
14111013 17408
14111014 17408
14111015 17408
14111016 17408
14111017 17408
14111018 17408
14111019 17408
14111020 17408
14111021 17408
14111022 17408
14111023 17408
14111035 17409
14111036 17409
14111037 17409
14111038 17409
14111039 17409
14111040 17409
14111041 17409
14111045 17410
14111046 17410
14111047 17410
14111048 17410
14111049 17410
14111050 17410
14111051 17410
14111052 17410
14111053 17410
14111054 17410
14111055 17410
14111056 17410
14111057 17410
14111058 17410
14111059 17410
14111060 17410
14111061 17410
14111062 17410
14111063 17410
14111064 17410
14111065 17410
14111066 17410
14111067 17410
14111068 17410
14111069 17410
14111070 17410
14111071 17410
14112001 17410
14112002 17410
14112003 17410
14112007 17411
14112008 17411
14112020 17414
14112021 17414
14112022 17414
14112023 17414
14112024 17414
14112025 17414
14112026 17414
14112027 17414
14112029 17414
14112030 17414
14112031 17414
14112032 17414
14112033 17414
14112034 17414
14112035 17414
14112037 17414
14112038 17414
14112039 17414
14112040 17414
14112041 17414
14112042 17414
14112043 17414
14112044 17414
14112045 17414
14112061 17414
14112088 17415
14112089 17415
14112090 17415
14112091 17415
14112092 17415
14112093 17415
14112094 17415
14112095 17415
14112096 17415
14112097 17415
14112098 17415
14113001 17415
14113003 17415
14113004 17415
14113005 17415
14113006 17415
14113007 17415
14113008 17415
14113009 17415
14113010 17415
14113011 17415
14113012 17415
14113013 17415
14113014 17415
14113015 17415
14113016 17415
14113017 17415
14113018 17415
14113019 17415
14113020 17415
14113021 17415
14113034 17416
14113035 17416
14113036 17416
14113037 17416
14113038 17416
14113039 17416
14113040 17416
14113056 17416
14113058 17416
14113061 17416
14113062 17416
14113063 17416
14113064 17416
14113065 17416
14113066 17416
14113067 17416
14113073 17416
14113075 17416
14113076 17416
14113077 17416
14113078 17416
14113092 17417
14113093 17417
14113094 17417
14113095 17417
14113096 17417
14113097 17417
14114001 17417
14114002 17417
14114003 17417
14114004 17417
14114005 17417
14114006 17417
14114007 17417
14114008 17417
14114009 17417
14114010 17417
14114011 17417
14114012 17417
14114013 17417
14114014 17417
14114015 17417
14114016 17417
14114017 17417
14114018 17417
14114019 17417
14114020 17417
14115005 17423
14115006 17423
14115007 17423
14115008 17423
14115009 17423
14115010 17423
14115011 17423
14115012 17423
14115013 17423
14115014 17423
14115015 17423
14115016 17423
14115017 17423
14115018 17423
14115019 17423
14115020 17423
14115021 17423
14115022 17423
14115023 17423
14115024 17423
14115025 17423
14115033 17423
14115034 17423
14115036 17423
14115060 17426
14115062 17426
14115063 17426
14115064 17426
14115065 17426
14115066 17426
14115067 17426
14115068 17426
14115069 17426
14115070 17426
14115071 17426
14115072 17426
14115073 17426
14115074 17426
14115075 17426
14116001 17426
14116002 17426
14116010 17427
14116011 17427
14116014 17427
14116015 17427
14116016 17427
14116017 17427
14116018 17427
14116019 17427
14116020 17427
14116021 17427
14116023 17427
14116024 17427
14116025 17427
14116026 17427
14116027 17427
14116028 17427
14116043 17429
14116044 17429
14116045 17429
14116046 17429
14116047 17429
14116048 17429
14116049 17429
14116050 17429
14116051 17429
14116052 17429
14116055 17429
14116056 17429
14116057 17429
14116058 17429
14116059 17429
14116060 17429
14116065 17429
14117001 17429
14117002 17429
14117003 17429
14117004 17429
14117011 17430
14117012 17430
14117013 17430
14117014 17430
14117015 17430
14117016 17430
14117017 17430
14117018 17430
14117019 17430
14117020 17430
14117021 17430
14117022 17430
14117023 17430
14117024 17430
14117025 17430
14117026 17430
14117027 17430
14117028 17430
14117029 17430
14117042 17431
14117043 17431
14117044 17431
14117045 17431
14117046 17431
14117047 17431
14117048 17431
14117049 17431
14117050 17431
14117051 17431
14117052 17431
14117053 17431
14117054 17431
14117055 17431
14117056 17431
14117058 17431
14117059 17431
14117060 17431
14117061 17431
14117062 17431
14117063 17431
14117064 17431
14117065 17431
14117066 17431
14117067 17431
14117068 17431
14117069 17431
14117070 17431
14117071 17431
14118013 17433
14118014 17433
14118015 17433
14118016 17433
14118017 17433
14118018 17433
14118019 17433
14118020 17433
14118021 17433
14118022 17433
14118023 17433
14118024 17433
14118025 17433
14118026 17433
14118028 17433
14118029 17433
14118030 17433
14118032 17433
14118033 17433
14118034 17433
14118035 17433
14118036 17433
14118047 17434
14118048 17434
14118049 17434
14118050 17434
14118051 17434
14118052 17434
14118053 17434
14118054 17434
14118055 17434
14118056 17434
14118057 17434
14118058 17434
14118059 17434
14118060 17434
14118061 17434
14118062 17434
14118063 17434
14118064 17434
14118065 17434
14119005 17436
14119006 17436
14119007 17436
14119008 17436
14119009 17436
14119010 17436
14119011 17436
14119012 17436
14119013 17436
14119014 17436
14119015 17436
14119016 17436
14119017 17436
14119018 17436
14119019 17436
14119020 17436
14119021 17436
14119022 17436
14119023 17436
14119024 17436
14119026 17436
14119027 17436
14119028 17436
14119052 17438
14119053 17438
14119056 17439
14119057 17439
14119058 17439
14119059 17439
14119060 17439
14119061 17439
14120006 17440
14120007 17440
14120009 17440
14120010 17440
14120011 17440
14120012 17440
14120013 17440
14120014 17440
14120015 17440
14120016 17440
14120017 17440
14120018 17440
14120019 17440
14120020 17440
14120021 17440
14120025 17440
14120026 17440
14120027 17440
14120028 17440
14120029 17440
14120110 17443
14120111 17443
14120112 17443
14120113 17443
14120114 17443
14120115 17443
14120116 17443
14120117 17443
14120118 17443
14120119 17443
14120120 17443
14120121 17443
14121001 17443
14121002 17443
14121003 17443
14121004 17443
14121009 17443
14121010 17443
14121013 17443
14121014 17443
14121015 17443
14121016 17443
14121017 17443
14121018 17443
14121019 17443
14121020 17443
14121021 17443
14121022 17443
14121023 17443
14121024 17443
14122002 17447
14122003 17447
14122004 17447
14122005 17447
14122006 17447
14122007 17447
14122008 17447
14122009 17447
14122010 17447
14122011 17447
14122012 17447
14122013 17447
14122014 17447
14122015 17447
14122016 17447
14122017 17447
14122018 17447
14122019 17447
14122020 17447
14122021 17447
14122022 17447
14122023 17447
14122024 17447
14122025 17447
14122027 17447
14122028 17447
14122045 17451
14122046 17451
14122047 17451
14122048 17451
14122049 17451
14122055 17451
14122056 17451
14122057 17451
14122058 17451
14122059 17451
14122060 17451
14122061 17451
14122062 17451
14123001 17451
14123002 17451
14123003 17451
14123004 17451
14123005 17451
14123006 17451
14123007 17451
14123008 17451
14123009 17451
14123010 17451
14123011 17451
14123012 17451
14123015 17452
14123016 17452
14123017 17452
14123018 17452
14123019 17452
14123020 17452
14123021 17452
14123022 17452
14123023 17452
14123024 17452
14123025 17452
14123026 17452
14123027 17452
14123028 17452
14123029 17452
14123030 17452
14123031 17452
14123032 17452
14123033 17452
14123034 17452
14123035 17452
14123036 17452
14123037 17452
14123038 17452
14123039 17452
14123040 17452
14123041 17452
14123043 17452
14123044 17452
14123052 17453
14123053 17453
14123054 17453
14123055 17453
14123056 17453
14123057 17453
14123058 17453
14123059 17453
14123060 17453
14123061 17453
14123074 17454
14123075 17454
14123076 17454
14123077 17454
14123078 17454
14124001 17454
14124002 17454
14124003 17454
14124004 17454
14124005 17454
14124006 17454
14124007 17454
14124008 17454
14124009 17454
14124010 17454
14124013 17454
14124014 17454
14124015 17454
14124016 17454
14124017 17454
14124018 17454
14124019 17454
14124020 17454
14124022 17455
14124023 17455
14124024 17455
14124025 17455
14124026 17455
14124027 17455
14124028 17455
14124029 17455
14124030 17455
14124031 17455
14124032 17455
14124033 17455
14124034 17455
14124035 17455
14124036 17455
14124037 17455
14124038 17455
14124039 17455
14124040 17455
14124041 17455
14125002 17461
14125003 17461
14125004 17461
14125005 17461
14125056 17466
14125060 17466
14126001 17466
14126003 17466
14126004 17466
14126005 17466
14126006 17466
14126007 17466
14126008 17466
14126009 17466
14126011 17466
14126012 17466
14126013 17466
14126014 17466
14126015 17466
14126016 17466
14126017 17466
14126018 17466
14126019 17466
14126020 17466
14126021 17466
14126022 17466
14126033 17467
14126034 17467
14126035 17467
14126036 17467
14126037 17467
14126038 17467
14126039 17467
14126040 17467
14126041 17467
14126043 17467
14126044 17467
14126045 17467
14126046 17467
14126047 17467
14126048 17467
14126049 17467
14126050 17467
14126058 17470
14126059 17470
14126060 17470
14126061 17470
14127001 17470
14127002 17470
14127003 17470
14127004 17470
14127005 17470
14127006 17470
14127007 17470
14127019 17472
14127020 17472
14127021 17472
14127022 17472
14127023 17472
14127024 17472
14127025 17472
14127026 17472
14127027 17472
14127028 17472
14127029 17472
14127030 17472
14127036 17473
14127037 17473
14127038 17473
14127039 17473
14127040 17473
14127041 17473
14127042 17473
14127043 17473
14127044 17473
14127045 17473
14127046 17473
14127047 17473
14127048 17473
14127049 17473
14127050 17473
14127051 17473
14127052 17473
14127053 17473
14127054 17473
14127055 17473
14128001 17474
14128002 17474
14128003 17474
14128004 17474
14128005 17474
14128006 17474
14128007 17474
14128008 17474
14128009 17474
14128010 17474
14128011 17474
14128012 17474
14128014 17474
14128015 17474
14128016 17474
14128017 17474
14128018 17474
14128021 17475
14129021 17479
14129022 17479
14129023 17479
14129024 17479
14129025 17479
14129026 17479
14129027 17479
14129028 17479
14129029 17479
14129030 17479
14129071 17482
14129073 17482
14129074 17482
14129075 17482
14129076 17482
14129077 17482
14129078 17482
14129079 17482
14129080 17482
14129091 17483
14129092 17483
14130001 17484
14130002 17484
14130003 17484
14130004 17484
14130005 17484
14130006 17484
14130007 17484
14130008 17484
14130009 17484
14130010 17484
14130011 17484
14130012 17484
14130013 17484
14130014 17484
14130015 17484
14130016 17484
14130019 17485
14130021 17485
14130022 17485
14130023 17485
14130024 17485
14130025 17485
14130026 17485
14130027 17485
14130033 17485
14130034 17485
14130035 17485
14130036 17485
14130037 17485
14130039 17485
14130040 17485
14130041 17485
14130042 17485
14130043 17485
14130044 17485
14130067 17486
14130068 17486
14130069 17486
14130070 17486
14130071 17486
14130072 17486
14130073 17486
14130074 17486
14130075 17486
14130076 17486
14130077 17486
14130078 17486
14130079 17486
14130080 17486
14131001 17486
14131002 17486
14131003 17486
14131012 17488
14131013 17488
14131014 17488
14131015 17488
14131016 17488
14131020 17488
14131021 17488
14131022 17488
14131024 17488
14131025 17488
14131026 17488
14131027 17488
14131028 17488
14131029 17488
14131066 17491
14131067 17491
14132001 17491
14132002 17491
14132003 17491
14132004 17491
14132005 17491
14132006 17491
14132007 17491
14132008 17491
14132009 17491
14132010 17491
14132011 17491
14132012 17491
14132013 17491
14132015 17491
14132016 17491
14132018 17491
14132019 17491
14132020 17491
14132021 17491
14132022 17491
14132023 17491
14132024 17491
14132025 17491
14132026 17491
14132039 17492
14132040 17492
14132041 17492
14132042 17492
14132044 17492
14132046 17492
14132047 17492
14132050 17492
14132057 17494
14132058 17494
14132059 17494
14132060 17494
14132061 17494
14132062 17494
14132063 17494
14132064 17494
14132065 17494
14132066 17494
14132067 17494
14132068 17494
14132074 17494
14132075 17494
14132076 17494
14132077 17494
14132078 17494
14132079 17494
14132080 17494
14132081 17494
14132082 17494
14133001 17494
14133002 17494
14133003 17494
14133004 17494
14133005 17494
14133008 17495
14133009 17495
14133010 17495
14133011 17495
14133012 17495
14133013 17495
14133014 17495
14133015 17495
14133016 17495
14133017 17495
14133018 17495
14133019 17495
14133020 17495
14133021 17495
14133022 17495
14133025 17495
14133026 17495
14133027 17495
14133028 17495
14133029 17495
14133030 17495
14134002 17499
14134003 17499
14134004 17499
14134005 17499
14134006 17499
14134007 17499
14134008 17499
14134009 17499
14134010 17499
14134011 17499
14134012 17499
14134013 17499
14134014 17499
14134015 17499
14134016 17499
14134017 17499
14134018 17499
14134019 17499
14134033 17500
14134034 17500
14134035 17500
14134036 17500
14134037 17500
14134038 17500
14134039 17500
14134040 17500
14134041 17500
14134042 17500
14134043 17500
14134044 17500
14134045 17500
14134046 17500
14134047 17500
14134048 17500
14134049 17500
14134050 17500
14134055 17502
14134056 17502
14134057 17502
14134058 17502
14134059 17502
14134060 17502
14134061 17502
14134062 17502
14134063 17502
14134064 17502
14134065 17502
14135001 17502
14135002 17502
14135003 17502
14135004 17502
14135005 17502
14135006 17502
14135007 17502
14135008 17502
14135009 17502
14135010 17502
14135014 17503
14135015 17503
14135016 17503
14135017 17503
14135018 17503
14135019 17503
14135020 17503
14135021 17503
14135022 17503
14135023 17503
14135024 17503
14136002 17512
14136003 17512
14136004 17512
14136005 17512
14136006 17512
14136007 17512
14136008 17512
14136009 17512
14136010 17512
14136011 17512
14136012 17512
14136013 17512
14136014 17512
14136030 17513
14136031 17513
14136032 17513
14136033 17513
14136034 17513
14136035 17513
14136036 17513
14136037 17513
14136047 17514
14136048 17514
14136049 17514
14136050 17514
14136051 17514
14136052 17514
14136053 17514
14136054 17514
14136055 17514
14136056 17514
14136057 17514
14136059 17514
14136060 17514
14136061 17514
14137001 17514
14137002 17514
14137003 17514
14137004 17514
14137005 17514
14137006 17514
14137009 17515
14137010 17515
14137011 17515
14137012 17515
14137013 17515
14137014 17515
14137016 17515
14137017 17515
14137018 17515
14137019 17515
14137020 17515
14137021 17515
14137038 17517
14137039 17517
14137040 17517
14137041 17517
14137042 17517
14137046 17517
14137049 17517
14137055 17517
14137056 17517
14137057 17517
14137058 17517
14137059 17517
14137060 17517
14137061 17517
14137064 17517
14137065 17517
14137066 17517
14137067 17517
14137068 17517
14137070 17517
14137071 17517
14137072 17517
14137073 17517
14137074 17517
14137075 17517
14137076 17517
14137077 17517
14137078 17517
14137079 17517
14137080 17517
14137081 17517
14137082 17517
14137083 17517
14137084 17517
14137085 17517
14137086 17517
14137090 17517
14138002 17518
14138003 17518
14138004 17518
14138005 17518
14138006 17518
14138007 17518
14138008 17518
14138009 17518
14138010 17518
14138011 17518
14138012 17518
14138013 17518
14138016 17519
14138018 17519
14138019 17519
14138020 17519
14138021 17519
14138022 17519
14138023 17519
14138024 17519
14138025 17519
14138026 17519
14138027 17519
14138028 17519
14138029 17519
14138030 17519
14138031 17519
14138032 17519
14138033 17519
14138034 17519
14138035 17519
14138040 17520
14138041 17520
14138042 17520
14138043 17520
14138044 17520
14138045 17520
14138046 17520
14138047 17520
14138048 17520
14138049 17520
14138050 17520
14138051 17520
14138052 17520
14138055 17520
14138056 17520
14138057 17520
14138059 17520
14138060 17520
14138061 17520
14138062 17520
14138063 17520
14138064 17520
14138065 17520
14138066 17520
14139001 17520
14139002 17520
14139003 17520
14139011 17521
14139012 17521
14139013 17521
14139014 17521
14139015 17521
14139016 17521
14139017 17521
14139018 17521
14139019 17521
14139020 17521
14139021 17521
14139022 17521
14139023 17521
14139025 17521
14139043 17524
14139044 17524
14139045 17524
14139046 17524
14139047 17524
14139048 17524
14139049 17524
14139050 17524
14139051 17524
14139052 17524
14139058 17526
14139059 17526
14139060 17526
14139061 17526
14139062 17526
14139063 17526
14139064 17526
14139065 17526
14139066 17526
14139067 17526
14139068 17526
14139069 17526
14139070 17526
14139071 17526
14140001 17526
14140002 17526
14140003 17526
14140004 17526
14140005 17526
14140006 17526
14140007 17526
14140008 17526
14140009 17526
14140014 17527
14140015 17527
14140016 17527
14140017 17527
14140018 17527
14140019 17527
14140020 17527
14140021 17527
14140022 17527
14140023 17527
14140024 17527
14140025 17527
14140026 17527
14140027 17527
14140028 17527
14140029 17527
14140030 17527
14140043 17529
14140044 17529
14140045 17529
14140046 17529
14140047 17529
14140048 17529
14140049 17529
14140050 17529
14140051 17529
14140052 17529
14140053 17529
14140054 17529
14140055 17529
14140056 17529
14140057 17529
14140058 17529
14140059 17529
14140060 17529
14140061 17529
14140062 17529
14140063 17529
14141002 17530
14141003 17530
14141004 17530
14141005 17530
14141006 17530
14141007 17530
14141008 17530
14141009 17530
14141010 17530
14141011 17530
14141012 17530
14141013 17530
14141014 17530
14141015 17530
14141016 17530
14141017 17530
14141018 17530
14141019 17530
14141020 17530
14141021 17530
14141022 17530
14141023 17530
14141024 17530
14141025 17530
14141042 17533
14141043 17533
14141044 17533
14141045 17533
14141046 17533
14141047 17533
14141049 17533
14141050 17533
14141051 17533
14141052 17533
14141053 17533
14141054 17533
14141055 17533
14141056 17533
14141057 17533
14141058 17533
14141059 17533
14141068 17534
14141069 17534
14141070 17534
14141071 17534
14141072 17534
14142001 17534
14142002 17534
14142003 17534
14142004 17534
14142005 17534
14142006 17534
14142007 17534
14142008 17534
14142009 17534
14142010 17534
14142011 17534
14142012 17534
14142013 17534
14142014 17534
14142015 17534
14142016 17534
14142017 17534
14142018 17534
14142019 17534
14142020 17534
14142033 17534
14142034 17534
14142036 17534
14142038 17534
14142041 17534
14142042 17534
14142043 17534
14142044 17534
14142045 17534
14142046 17534
14142048 17534
14142050 17534
14142051 17534
14142101 17534
14142102 17534
14142103 17534
14142106 17536
14142107 17536
14142108 17536
14142109 17536
14142110 17536
14142111 17536
14142112 17536
14142113 17536
14142114 17536
14142115 17536
14142116 17536
14142117 17536
14142118 17536
14142120 17536
14142121 17536
14142122 17536
4167 9.37780952
14142123 17538
14142130 17538
14142131 17538
14142132 17538
14142133 17538
14142134 17538
14142135 17538
14143001 17538
14143002 17538
14143003 17538
14143006 17538
14143007 17538
14143008 17538
14143009 17538
14143010 17538
14143011 17538
14143012 17538
14143013 17538
14143014 17538
14143015 17538
14143080 17543
14143081 17543
14143082 17543
14143083 17543
14143084 17543
14143085 17543
14143086 17543
14143087 17543
14143088 17543
14143089 17543
14143090 17543
14143091 17543
14143092 17543
14143093 17543
14143094 17543
14143103 17544
14143108 17544
14143109 17544
14143110 17544
14143111 17544
14143112 17544
14143113 17544
14143114 17544
14143115 17544
14143116 17544
14143117 17544
14143118 17544
14143119 17544
14143120 17544
14143121 17544
14144002 17544
14144003 17544
14144004 17544
14144005 17544
14144006 17544
14144007 17544
14144008 17544
14144009 17544
14144021 17545
14144022 17545
14144023 17545
14144024 17545
14144025 17545
14144026 17545
14144027 17545
14144028 17545
14144029 17545
14144030 17545
14144031 17545
14144032 17545
14144034 17545
14144035 17545
14144036 17545
14144037 17545
14144039 17545
14144040 17545
14144041 17545
14144042 17545
14144043 17545
14144044 17545
14144045 17545
14144046 17545
14144047 17545
14144048 17545
14144049 17545
14144051 17545
14144052 17545
14144054 17545
14144055 17545
14144057 17545
14144058 17545
14144059 17545
14144064 17545
14144065 17545
14144073 17545
14144077 17545
14144079 17545
14144080 17545
14144114 17548
14144115 17548
14144116 17548
14144117 17548
14144118 17548
14144119 17548
14144120 17548
14144121 17548
14144122 17548
14144123 17548
14144124 17548
14144125 17548
14144126 17548
14144127 17548
14144128 17548
14145001 17548
14145002 17548
14145003 17548
14145004 17548
14145009 17550
14145010 17550
14145011 17550
14145012 17550
14145013 17550
14145014 17550
14145015 17550
14145016 17550
14145017 17550
14145018 17550
14145019 17550
14145020 17550
14145021 17550
14145022 17550
14145023 17550
14145024 17550
14145025 17550
14145026 17550
14145028 17550
14145029 17550
14145030 17550
14145031 17550
14145032 17550
14145033 17550
14145034 17550
14145035 17550
14145036 17550
14145037 17550
14145038 17550
14145039 17550
14145040 17550
14145063 17553
14145064 17553
14145065 17553
14145066 17553
14145067 17553
14145068 17553
14145069 17553
14145070 17553
14145071 17553
14145072 17553
14145073 17553
14145074 17553
14145075 17553
14145076 17553
14145077 17553
14145078 17553
14145079 17553
14145080 17553
14145081 17553
14145082 17553
14145083 17553
14145084 17553
14145085 17553
14145090 17553
14146006 17554
14146007 17554
14146008 17554
14146009 17554
14146010 17554
14146011 17554
14146012 17554
14146013 17554
14146014 17554
14146015 17554
14146016 17554
14146017 17554
14146018 17554
14146019 17554
14146020 17554
14146021 17554
14146022 17554
14146023 17554
14146024 17554
14146025 17554
14146026 17554
14146027 17554
14146028 17554
14146029 17554
14146038 17554
14146050 17555
14146051 17555
14146052 17555
14146053 17555
14146054 17555
14146055 17555
14146056 17555
14146057 17555
14146058 17555
14146059 17555
14146060 17555
14146061 17555
14146062 17555
14146063 17555
14146064 17555
14146065 17555
14146066 17555
14146067 17555
14146068 17555
14146069 17555
14146070 17555
14146071 17555
14146072 17555
14146073 17555
14146074 17555
14146075 17555
14146076 17555
14146077 17555
14146083 17556
14146084 17556
14146085 17556
14147001 17556
14147002 17556
14147003 17556
14147004 17556
14147005 17556
14147006 17556
14147007 17556
14147008 17556
14147009 17556
14147010 17556
14147011 17556
14147012 17556
14147013 17556
14147014 17556
14147015 17556
14147016 17556
14147017 17556
14147018 17556
14147019 17556
14147039 17556
14147040 17556
14147041 17556
14147049 17558
14147050 17558
14147051 17558
14147052 17558
14147053 17558
14147054 17558
14147055 17558
14147056 17558
14147057 17558
14147058 17558
14147060 17558
14147061 17558
14147062 17558
14147063 17558
14147065 17558
14147066 17558
14147067 17558
14147068 17558
14147069 17558
14147070 17558
14147071 17558
14147072 17558
14147073 17558
14147074 17558
14147075 17558
14147076 17558
14147077 17558
14148011 17560
14148012 17560
14148013 17560
14148014 17560
14148015 17560
14148017 17560
14148018 17560
14148019 17560
14148020 17560
14148021 17560
14148022 17560
14148023 17560
14148024 17560
14148025 17560
14148026 17560
14148027 17560
14148028 17560
14148029 17560
14148030 17560
14148031 17560
14148032 17560
14148033 17560
14148034 17560
14148043 17560
14148056 17561
14148057 17561
14148058 17561
14148059 17561
14148060 17561
14148061 17561
14148065 17561
14148066 17561
14148067 17561
14148068 17561
14148069 17561
14148070 17561
14148071 17561
14148072 17561
14148073 17561
14148074 17561
14148075 17561
14148076 17561
14148077 17561
14148078 17561
14148079 17561
14148080 17561
14148081 17561
14148082 17561
14149001 17561
14149005 17562
14149006 17562
14149008 17562
14149009 17562
14149010 17562
14149011 17562
14149012 17562
14149013 17562
14149014 17562
14149015 17562
14149016 17562
14149017 17562
14149018 17562
14149019 17562
14149020 17562
14149021 17562
14149022 17562
14149023 17562
14149024 17562
14149025 17562
14149026 17562
14149027 17562
14149028 17562
14149030 17562
14149032 17562
14149033 17562
14149034 17562
14149035 17562
14149036 17562
14149037 17562
14149038 17562
14149039 17562
14149048 17563
14149049 17563
14149050 17563
14149051 17563
14149126 17566
14149127 17566
14149128 17566
14149129 17566
14149130 17566
14149131 17566
14149132 17566
14149133 17566
14149134 17566
14149135 17566
14150002 17568
14150003 17568
14150004 17568
14150005 17568
14150006 17568
14150007 17568
14150008 17568
14150009 17568
14150010 17568
14150011 17568
14150012 17568
14150013 17568
14150014 17568
14150015 17568
14150016 17568
14150019 17568
14150022 17568
14150039 17568
14150040 17568
14150041 17568
14150042 17568
14150043 17568
14150044 17568
14150045 17568
14150046 17568
14150047 17568
14150048 17568
14150056 17568
14150057 17568
14150058 17568
14150059 17568
14150060 17568
14150080 17569
14150083 17569
14150084 17569
14150090 17569
14150091 17569
14150126 17570
14150130 17570
14150131 17570
14150132 17570
14150133 17570
14150134 17570
14150135 17570
14150136 17570
14150137 17570
14150138 17570
14150139 17570
14151001 17570
14151009 17570
14151010 17570
14151011 17570
14151012 17570
14151013 17570
14151014 17570
14151015 17570
14151019 17571
14151022 17571
14151023 17571
14151024 17571
14151025 17571
14151026 17571
14151027 17571
14151029 17571
14151030 17571
14151031 17571
14151032 17571
14151033 17571
14151034 17571
14151035 17571
14151036 17571
14151037 17571
14151038 17571
14151039 17571
14151040 17571
14151041 17571
14151042 17571
14151084 17572
14151085 17572
14151089 17572
14151090 17572
14151091 17572
14151092 17572
14151093 17572
14151094 17572
14151095 17572
14151096 17572
14151097 17572
14151098 17572
14151100 17572
14151101 17572
14151102 17572
14151103 17572
14151104 17572
14151105 17572
14151106 17572
14151107 17572
14151108 17572
14151109 17572
14152001 17572
14152002 17572
14152003 17572
14152006 17573
14152007 17573
14152008 17573
14152009 17573
14152010 17573
14152011 17573
14152012 17573
14152013 17573
14152014 17573
14152015 17573
14152016 17573
14152017 17573
14152018 17573
14152019 17573
14152020 17573
14152021 17573
14152022 17573
14152023 17573
14152045 17576
14152046 17576
14152047 17576
14152048 17576
14152049 17576
14152050 17576
14152051 17576
14152052 17576
14152053 17576
14152054 17576
14152057 17576
14152058 17576
14152059 17576
14152060 17576
14152061 17576
14152062 17576
14152063 17576
14152064 17576
14152065 17576
14152066 17576
14152067 17576
14152068 17576
14152070 17576
14152071 17576
14153003 17579
14153006 17579
14153007 17579
14153008 17579
14153009 17579
14153010 17579
14153011 17579
14153012 17579
14153013 17579
14153014 17579
14153015 17579
14153016 17579
14153017 17579
14153018 17579
14153019 17579
14153020 17579
14153021 17579
14153022 17579
14153023 17579
14153024 17579
14153025 17579
14153036 17580
14153037 17580
14153038 17580
14153039 17580
14153040 17580
14153041 17580
14153042 17580
14153043 17580
14153044 17580
14153045 17580
14153046 17580
14153047 17580
14153048 17580
14153049 17580
14153050 17580
14153053 17580
14153054 17580
14153055 17580
14153056 17580
14153057 17580
14153058 17580
14153059 17580
14153060 17580
14153061 17580
14153062 17580
14153063 17580
14153064 17580
14153065 17580
14153066 17580
14153070 17581
14153071 17581
14153072 17581
14153073 17581
14154001 17581
14154002 17581
14154003 17581
14154004 17581
14154005 17581
14154006 17581
14154007 17581
14154008 17581
14154009 17581
14154010 17581
14154011 17581
14154012 17581
14154013 17581
14154014 17581
14154015 17581
14154016 17581
14154017 17581
14154018 17581
14154020 17581
14154021 17581
14154031 17583
14154032 17583
14154033 17583
14154034 17583
14154035 17583
14154036 17583
14154037 17583
14154038 17583
14154039 17583
14154040 17583
14154041 17583
14154042 17583
14154043 17583
14154044 17583
14154045 17583
14154046 17583
14154047 17583
14154048 17583
14154049 17583
14154050 17583
14154051 17583
14154052 17583
14154053 17583
14154054 17583
14154055 17583
14154056 17583
14154057 17583
14154058 17583
14154059 17583
14155004 17586
14155005 17586
14155006 17586
14155007 17586
14155008 17586
14155009 17586
14155010 17586
14155011 17586
14155012 17586
14155013 17586
14155014 17586
14155016 17586
14155017 17586
14155018 17586
14155019 17586
14155032 17586
14155033 17586
14155034 17586
14155035 17586
14155036 17586
14155037 17586
14155042 17586
14155043 17586
14155044 17586
14155045 17586
14155046 17586
14155047 17586
14155048 17586
14155049 17586
14155050 17586
14155051 17586
14155056 17586
14155057 17586
14155058 17586
14155059 17586
14155060 17586
14155061 17586
14155062 17586
14155063 17586
14155064 17586
14155075 17586
14155086 17587
14155087 17587
14155088 17587
14155089 17587
14155090 17587
14155091 17587
14155092 17587
14155093 17587
14155094 17587
14155095 17587
14155096 17587
14155097 17587
14155098 17587
14155099 17587
14155100 17587
14156001 17587
14156002 17587
14156003 17587
14156015 17589
14156016 17589
14156030 17592
14156094 17593
14157001 17593
14157002 17593
14157003 17593
14157004 17593
14157005 17593
14157006 17593
14157007 17593
14157008 17593
14157009 17593
14157010 17593
14157011 17593
14157013 17593
14157014 17593
14157015 17593
14157016 17593
14157017 17593
14157018 17593
14157019 17593
14157020 17593
14157021 17593
14157022 17593
14157023 17593
14157024 17593
14157037 17593
14157038 17593
14157039 17593
14157040 17593
14157041 17593
14157042 17593
14158001 17594
14158002 17594
14158003 17594
14158004 17594
14158005 17594
14158006 17594
14158015 17596
14158016 17596
14158017 17596
14158020 17596
14158038 17600
14158039 17600
14158040 17600
14158044 17600
14158045 17600
14158048 17600
14158050 17600
14158051 17600
14158052 17600
14158053 17600
14158054 17600
14158055 17600
14159001 17600
14159002 17600
14159003 17600
14159004 17600
14159005 17600
14159006 17600
14159007 17600
14159008 17600
14159009 17600
14159010 17600
14159011 17600
14159012 17600
14159013 17600
14159014 17600
14159015 17600
14159016 17600
14159017 17600
14159018 17600
14159019 17600
14159020 17600
14159021 17600
14159022 17600
14159023 17600
14159024 17600
14159025 17600
14159026 17600
14159028 17600
14159029 17600
14159030 17600
14159042 17600
14159043 17600
14159044 17600
14159045 17600
14159046 17600
14159047 17600
14159048 17600
14159049 17600
14159050 17600
14159051 17600
14159052 17600
14159053 17600
14159054 17600
14159055 17600
14159056 17600
14159057 17600
14159058 17600
14159059 17600
14159060 17600
14159061 17600
14159062 17600
14159063 17600
14159064 17600
14159065 17600
14159066 17600
14159067 17600
14159068 17600
14159069 17600
14159070 17600
14159071 17600
14159072 17600
14159073 17600
14159074 17600
14159075 17600
14160010 17600
14160011 17600
14160012 17600
14160014 17600
14160015 17600
14160016 17600
14160017 17600
14160018 17600
14160019 17600
14160020 17600
14160021 17600
14160022 17600
14160023 17600
14160024 17600
14160025 17600
14160026 17600
14160027 17600
14160028 17600
14160029 17600
14160030 17600
14160031 17600
14160032 17600
14160033 17600
14160037 17601
14160038 17601
14160039 17601
14160042 17601
14160045 17601
14160046 17601
14160047 17601
14160048 17601
14160049 17601
14160050 17601
14160051 17601
14160052 17601
14160053 17601
14160054 17601
14160055 17601
14160056 17601
14160057 17601
14160058 17601
14161001 17601
14161002 17601
14161003 17601
14161004 17601
14161005 17601
14161006 17601
14161007 17601
14161008 17601
14161009 17601
14161010 17601
14161011 17601
14161012 17601
14161013 17601
14161014 17601
14161015 17601
14161016 17601
14161017 17601
14161018 17601
14161019 17601
14161020 17601
14163081 17602
14163082 17602
14163083 17602
14163084 17602
14163085 17602
14163086 17602
14163088 17602
14163089 17602
14163090 17602
14163091 17602
14163092 17602
14163093 17602
14163094 17602
14163095 17602
14163096 17602
14163097 17602
14163098 17602
14163099 17602
14163100 17602
14163101 17602
14165032 17602
14165033 17602
14165039 17602
14166001 17602
14166007 17602
14166008 17602
14166009 17602
14166010 17602
14167003 17602
14167004 17602
14167005 17602
14167006 17602
14168004 17602
14171001 17602
14171002 17602
14171003 17602
14172002 17602
14178001 17602
14321010 17602
14324002 17602
14324003 17602
